step  pc  instr    A     dec  Z C  m0  m1  m2  out
   1   0  LDI 3    0011    3  0 0   0   0   0    0
   2   1  STA 0    0011    3  0 0   3   0   0    0
   3   2  LDI 4    0100    4  0 0   3   0   0    0
   4   3  STA 1    0100    4  0 0   3   4   0    0
   5   4  LDA 1    0100    4  0 0   3   4   0    0
   6   5  JZ 12    0100    4  0 0   3   4   0    0
   7   6  SUBI 1   0011    3  0 1   3   4   0    0
   8   7  STA 1    0011    3  0 1   3   3   0    0
   9   8  LDA 2    0000    0  1 0   3   3   0    0
  10   9  ADD 0    0011    3  0 0   3   3   0    0
  11  10  STA 2    0011    3  0 0   3   3   3    0
  12  11  JMP 4    0011    3  0 0   3   3   3    0
  13   4  LDA 1    0011    3  0 0   3   3   3    0
  14   5  JZ 12    0011    3  0 0   3   3   3    0
  15   6  SUBI 1   0010    2  0 1   3   3   3    0
  16   7  STA 1    0010    2  0 1   3   2   3    0
  17   8  LDA 2    0011    3  0 0   3   2   3    0
  18   9  ADD 0    0110    6  0 0   3   2   3    0
  19  10  STA 2    0110    6  0 0   3   2   6    0
  20  11  JMP 4    0110    6  0 0   3   2   6    0
  21   4  LDA 1    0010    2  0 0   3   2   6    0
  22   5  JZ 12    0010    2  0 0   3   2   6    0
  23   6  SUBI 1   0001    1  0 1   3   2   6    0
  24   7  STA 1    0001    1  0 1   3   1   6    0
  25   8  LDA 2    0110    6  0 0   3   1   6    0
  26   9  ADD 0    1001    9  0 0   3   1   6    0
  27  10  STA 2    1001    9  0 0   3   1   9    0
  28  11  JMP 4    1001    9  0 0   3   1   9    0
  29   4  LDA 1    0001    1  0 0   3   1   9    0
  30   5  JZ 12    0001    1  0 0   3   1   9    0
  31   6  SUBI 1   0000    0  1 1   3   1   9    0
  32   7  STA 1    0000    0  1 1   3   0   9    0
  33   8  LDA 2    1001    9  0 0   3   0   9    0
  34   9  ADD 0    1100   12  0 0   3   0   9    0
  35  10  STA 2    1100   12  0 0   3   0  12    0
  36  11  JMP 4    1100   12  0 0   3   0  12    0
  37   4  LDA 1    0000    0  1 0   3   0  12    0
  38   5  JZ 12    0000    0  1 0   3   0  12    0
  39  12  LDA 2    1100   12  0 0   3   0  12    0
  40  13  OUT      1100   12  0 0   3   0  12   12
  41  14  HLT      1100   12  0 0   3   0  12   12
